# Created by Octave 4.2.1, Sat Nov 25 09:34:47 2017 PST <abr_ca@Mercurey>
# name: wt
# type: matrix
# rows: 1
# columns: 12
 0.05084490637020682 0.05084490637020682 0.05084490637020682 0.1167862757263794 0.1167862757263794 0.1167862757263794 0.08285107561837357 0.08285107561837357 0.08285107561837357 0.08285107561837357 0.08285107561837357 0.08285107561837357


# name: xq
# type: matrix
# rows: 1
# columns: 12
 0.06308901449150223 0.06308901449150223 0.8738219710169955 0.2492867451709104 0.2492867451709104 0.5014265096581791 0.3103524510337844 0.6365024991213987 0.05314504984481695 0.05314504984481695 0.6365024991213987 0.3103524510337844


# name: yq
# type: matrix
# rows: 1
# columns: 12
 0.8738219710169955 0.06308901449150223 0.06308901449150223 0.5014265096581791 0.2492867451709104 0.2492867451709104 0.6365024991213987 0.3103524510337844 0.3103524510337844 0.6365024991213987 0.05314504984481695 0.05314504984481695


